108   380
113   380
119   380
124   380
129   380
134   380
139   380
144   380
150   380
155   380
160   380
165   380
170   380
175   380
181   380
186   380
191   380
196   380
201   380
206   380
212   380
217   380
222   380
227   380
232   380
237   380
243   380
248   380
253   380
258   380
263   380
268   380
274   380
279   380
284   380
289   380
294   380
299   380
305   380
310   380
315   380
320   380
325   380
330   380
336   380
341   380
346   380
351   380
356   380
361   380
367   380
372   380
377   380
382   380
387   380
392   380
398   380
403   380
408   380
413   380
418   380
423   380
429   380
434   380
439   380
444   380
449   380
454   380
460   380
465   380
470   380
475   380
480   380
485   380
491   380
496   380
501   380
506   380
511   380
516   380
522   380
527   380
532   380
537   380
542   380
547   380
553   380
558   380
563   380
568   380
573   380
578   380
584   380
589   380
594   380
599   380
604   380
609   380
615   380
620   380
625   380
630   380
635   380
640   380
646   380
651   380
656   380
661   380
666   380
671   380
677   380
682   380
687   380
692   380
697   380
702   380
708   380
