   108    20
   113    20
   119    20
   124    20
   129    20
   134    20
   139    20
   144    20
   150    20
   155    20
   160    20
   165    20
   170    20
   175    20
   181    20
   186    20
   191    20
   196    20
   201    20
   206    20
   212    20
   217    20
   222    20
   227    20
   232    20
   237    20
   243    20
   248    20
   253    20
   258    20
   263    20
   268    20
   274    20
   279    20
   284    20
   289    20
   294    20
   299    20
   305    20
   310    20
   315    20
   320    20
   325    20
   330    20
   336    20
   341    20
   346    20
   351    20
   356    20
   361    20
   367    20
   372    20
   377    20
   382    20
   387    20
   392    20
   398    20
   403    20
   408    20
   413    20
   418    20
   423    20
   429    20
   434    20
   439    20
   444    20
   449    20
   454    20
   460    20
   465    20
   470    20
   475    20
   480    20
   485    20
   491    20
   496    20
   501    20
   506    20
   511    20
   516    20
   522    20
   527    20
   532    20
   537    20
   542    20
   547    20
   553    20
   558    20
   563    20
   568    20
   573    20
   578    20
   584    20
   589    20
   594    20
   599    20
   604    20
   609    20
   615    20
   620    20
   625    20
   630    20
   635    20
   640    20
   646    20
   651    20
   656    20
   661    20
   666    20
   671    20
   677    20
   682    20
   687    20
   692    20
   697    20
   702    20
   708    20
